"DESCRIPTION","DURATION IN MS","NAME","PARENT SUITE","START TIME","STATUS","STOP TIME","SUB SUITE","SUITE","TEST CLASS","TEST METHOD"
"","10437","Повторное использование поиска","chromium","Fri Oct 17 01:10:25 UTC 2025","passed","Fri Oct 17 01:10:36 UTC 2025","","","",""
